{
  "results" : [
    {
      "marker" : "http:\/\/dev.skia.site\/ardata\/v2_387\/1532\/1_HEAD.face_only.obj",
      "selectedStepLabel" : "RegisterNoseTip(Pose: standing)",
      "results" : [
        {
          "resultPoseForCloudCompare" : "-0.991419434547424316 0.129190027713775635 0.019942576065659523 0.277450919151306152 0.011796808801591396 -0.063513822853565216 0.997911334037780762 -0.411150574684143066 0.130186885595321655 0.989583730697631836 0.061444614082574844 -0.418486952781677246 0.000000000000000000 0.000000000000000000 0.000000000000000000 1.000000000000000000",
          "label" : "RegisterHeadFeatures(Pose: standing)\n([mars_core.FeatureName.noseTip, mars_core.FeatureName.leftEyeCenter, mars_core.FeatureName.rightEyeCenter])",
          "residualError" : 0.0017505868263918121,
          "initialPoseForCloudCompare" : "-0.992552697658538818 -0.072281412780284882 0.098055057227611542 0.000000000000000000 0.104434840381145477 -0.090522199869155884 0.990403532981872559 0.000000000000000000 -0.062711618840694427 0.993268013000488281 0.097396552562713623 0.000000000000000000 0.297536253929138184 -0.364581078290939331 -0.427573978900909424 1.000000000000000000",
          "resultPose" : [
            -0.99141943454742432,
            0.12919002771377563,
            0.019942576065659523,
            0.27745091915130615,
            0.011796808801591396,
            -0.063513822853565216,
            0.99791133403778076,
            -0.41115057468414307,
            0.13018688559532166,
            0.98958373069763184,
            0.061444614082574844,
            -0.41848695278167725,
            0,
            0,
            0,
            1
          ],
          "initialPose" : [
            -0.99255269765853882,
            -0.072281412780284882,
            0.098055057227611542,
            0,
            0.10443484038114548,
            -0.090522199869155884,
            0.99040353298187256,
            0,
            -0.062711618840694427,
            0.99326801300048828,
            0.097396552562713623,
            0,
            0.29753625392913818,
            -0.36458107829093933,
            -0.42757397890090942,
            1
          ]
        },
        {
          "initialPoseForCloudCompare" : "-1.000000000000000000 -0.000000087422776573 0.000000000000000000 0.000000000000000000 -0.000000000000003821 0.000000043711388287 1.000000000000000000 0.000000000000000000 -0.000000087422776573 1.000000000000000000 -0.000000043711388287 0.000000000000000000 0.310039997100830078 -0.394077062606811523 -0.400735855102539062 1.000000000000000000",
          "angularError" : 1.5067514181137085,
          "resultPoseForCloudCompare" : "-0.996925055980682373 0.076932318508625031 -0.014896271750330925 0.290475279092788696 -0.013181326910853386 0.022751515731215477 0.999654233455657959 -0.402238875627517700 0.077244631946086884 0.996776700019836426 -0.021667484194040298 -0.398931860923767090 0.000000000000000000 0.000000000000000000 0.000000000000000000 1.000000000000000000",
          "initialPose" : [
            -1,
            -8.7422776573475858e-08,
            0,
            0,
            -3.82137093032941e-15,
            4.3711388286737929e-08,
            1,
            0,
            -8.7422776573475858e-08,
            1,
            -4.3711388286737929e-08,
            0,
            0.31003999710083008,
            -0.39407706260681152,
            -0.40073585510253906,
            1
          ],
          "resultPose" : [
            -0.99692505598068237,
            0.076932318508625031,
            -0.014896271750330925,
            0.2904752790927887,
            -0.013181326910853386,
            0.022751515731215477,
            0.99965423345565796,
            -0.4022388756275177,
            0.077244631946086884,
            0.99677670001983643,
            -0.021667484194040298,
            -0.39893186092376709,
            0,
            0,
            0,
            1
          ],
          "label" : "RegisterNoseTip(Pose: standing)",
          "residualError" : 0.00086128889802145113
        }
      ]
    },
    {
      "marker" : "http:\/\/dev.skia.site\/ardata\/v2_387\/1532\/0_HEAD.default.obj",
      "selectedStepLabel" : "RegisterHeadFeatures(Pose: standing)\n([mars_core.FeatureName.noseTip, mars_core.FeatureName.leftEyeCenter, mars_core.FeatureName.rightEyeCenter])",
      "results" : [
        {
          "resultPoseForCloudCompare" : "-0.996810257434844971 0.078669257462024689 -0.013441964983940125 0.289972871541976929 -0.011698558926582336 0.022580150514841080 0.999676644802093506 -0.402285486459732056 0.078947409987449646 0.996645033359527588 -0.021587999537587166 -0.399144113063812256 0.000000000000000000 0.000000000000000000 0.000000000000000000 1.000000000000000000",
          "label" : "RegisterHeadFeatures(Pose: standing)\n([mars_core.FeatureName.noseTip, mars_core.FeatureName.leftEyeCenter, mars_core.FeatureName.rightEyeCenter])",
          "residualError" : 0.00067242327576178082,
          "initialPoseForCloudCompare" : "-0.992552697658538818 -0.072281412780284882 0.098055057227611542 0.000000000000000000 0.104434840381145477 -0.090522199869155884 0.990403532981872559 0.000000000000000000 -0.062711618840694427 0.993268013000488281 0.097396552562713623 0.000000000000000000 0.297536253929138184 -0.364581078290939331 -0.427573978900909424 1.000000000000000000",
          "resultPose" : [
            -0.99681025743484497,
            0.078669257462024689,
            -0.013441964983940125,
            0.28997287154197693,
            -0.011698558926582336,
            0.02258015051484108,
            0.99967664480209351,
            -0.40228548645973206,
            0.078947409987449646,
            0.99664503335952759,
            -0.021587999537587166,
            -0.39914411306381226,
            0,
            0,
            0,
            1
          ],
          "initialPose" : [
            -0.99255269765853882,
            -0.072281412780284882,
            0.098055057227611542,
            0,
            0.10443484038114548,
            -0.090522199869155884,
            0.99040353298187256,
            0,
            -0.062711618840694427,
            0.99326801300048828,
            0.097396552562713623,
            0,
            0.29753625392913818,
            -0.36458107829093933,
            -0.42757397890090942,
            1
          ]
        },
        {
          "initialPoseForCloudCompare" : "-1.000000000000000000 -0.000000087422776573 0.000000000000000000 0.000000000000000000 -0.000000000000003821 0.000000043711388287 1.000000000000000000 0.000000000000000000 -0.000000087422776573 1.000000000000000000 -0.000000043711388287 0.000000000000000000 0.310039997100830078 -0.394077062606811523 -0.400735855102539062 1.000000000000000000",
          "angularError" : 1.4440135955810547,
          "resultPoseForCloudCompare" : "-0.996824324131011963 0.078522615134716034 -0.013247898779809475 0.289965987205505371 -0.011520290747284889 0.022413747385144234 0.999682426452636719 -0.402290642261505127 0.078794613480567932 0.996660351753234863 -0.021437965333461761 -0.399155557155609131 0.000000000000000000 0.000000000000000000 0.000000000000000000 1.000000000000000000",
          "initialPose" : [
            -1,
            -8.7422776573475858e-08,
            0,
            0,
            -3.82137093032941e-15,
            4.3711388286737929e-08,
            1,
            0,
            -8.7422776573475858e-08,
            1,
            -4.3711388286737929e-08,
            0,
            0.31003999710083008,
            -0.39407706260681152,
            -0.40073585510253906,
            1
          ],
          "resultPose" : [
            -0.99682432413101196,
            0.078522615134716034,
            -0.013247898779809475,
            0.28996598720550537,
            -0.011520290747284889,
            0.022413747385144234,
            0.99968242645263672,
            -0.40229064226150513,
            0.078794613480567932,
            0.99666035175323486,
            -0.021437965333461761,
            -0.39915555715560913,
            0,
            0,
            0,
            1
          ],
          "label" : "RegisterNoseTip(Pose: standing)",
          "residualError" : 0.00067415517918920607
        }
      ]
    },
    {
      "marker" : "http:\/\/dev.skia.site\/ardata\/v2_387\/1532\/2_HEAD.with_ears.obj",
      "selectedStepLabel" : "RegisterNoseTip(Pose: standing)",
      "results" : [
        {
          "resultPoseForCloudCompare" : "-0.999377906322479248 0.015430947765707970 -0.031715665012598038 0.299683511257171631 -0.020116161555051804 0.489249646663665771 0.871911764144897461 -0.413609594106674194 0.028971360996365547 0.872007310390472412 -0.488635033369064331 -0.303557693958282471 0.000000000000000000 0.000000000000000000 0.000000000000000000 1.000000000000000000",
          "label" : "RegisterHeadFeatures(Pose: standing)\n([mars_core.FeatureName.noseTip, mars_core.FeatureName.leftEyeCenter, mars_core.FeatureName.rightEyeCenter])",
          "residualError" : 0.00089710927372204415,
          "initialPoseForCloudCompare" : "-0.992552697658538818 -0.072281412780284882 0.098055057227611542 0.000000000000000000 0.104434840381145477 -0.090522199869155884 0.990403532981872559 0.000000000000000000 -0.062711618840694427 0.993268013000488281 0.097396552562713623 0.000000000000000000 0.297536253929138184 -0.364581078290939331 -0.427573978900909424 1.000000000000000000",
          "resultPose" : [
            -0.99937790632247925,
            0.01543094776570797,
            -0.031715665012598038,
            0.29968351125717163,
            -0.020116161555051804,
            0.48924964666366577,
            0.87191176414489746,
            -0.41360959410667419,
            0.028971360996365547,
            0.87200731039047241,
            -0.48863503336906433,
            -0.30355769395828247,
            0,
            0,
            0,
            1
          ],
          "initialPose" : [
            -0.99255269765853882,
            -0.072281412780284882,
            0.098055057227611542,
            0,
            0.10443484038114548,
            -0.090522199869155884,
            0.99040353298187256,
            0,
            -0.062711618840694427,
            0.99326801300048828,
            0.097396552562713623,
            0,
            0.29753625392913818,
            -0.36458107829093933,
            -0.42757397890090942,
            1
          ]
        },
        {
          "initialPoseForCloudCompare" : "-1.000000000000000000 -0.000000087422776573 0.000000000000000000 0.000000000000000000 -0.000000000000003821 0.000000043711388287 1.000000000000000000 0.000000000000000000 -0.000000087422776573 1.000000000000000000 -0.000000043711388287 0.000000000000000000 0.310039997100830078 -0.394077062606811523 -0.400735855102539062 1.000000000000000000",
          "angularError" : 0.44455394148826599,
          "resultPoseForCloudCompare" : "-0.997343003749847412 0.072846420109272003 0.000602840271312743 0.287936180830001831 0.001165009452961385 0.007674939464777708 0.999969840049743652 -0.390717118978500366 0.072839602828025818 0.997313618659973145 -0.007739413529634476 -0.400918841361999512 0.000000000000000000 0.000000000000000000 0.000000000000000000 1.000000000000000000",
          "initialPose" : [
            -1,
            -8.7422776573475858e-08,
            0,
            0,
            -3.82137093032941e-15,
            4.3711388286737929e-08,
            1,
            0,
            -8.7422776573475858e-08,
            1,
            -4.3711388286737929e-08,
            0,
            0.31003999710083008,
            -0.39407706260681152,
            -0.40073585510253906,
            1
          ],
          "resultPose" : [
            -0.99734300374984741,
            0.072846420109272003,
            0.00060284027131274343,
            0.28793618083000183,
            0.0011650094529613853,
            0.0076749394647777081,
            0.99996984004974365,
            -0.39071711897850037,
            0.072839602828025818,
            0.99731361865997314,
            -0.0077394135296344757,
            -0.40091884136199951,
            0,
            0,
            0,
            1
          ],
          "label" : "RegisterNoseTip(Pose: standing)",
          "residualError" : 0.00080983096754368871
        }
      ]
    }
  ],
  "calculatedData" : {
    "clinicalTrialSubData" : [
      {
        "matchedMarkingCenters" : [

        ],
        "resultPosMatrix" : [

        ]
      },
      {
        "matchedMarkingCenters" : [

        ],
        "resultPosMatrix" : [

        ]
      },
      {
        "matchedMarkingCenters" : [

        ],
        "resultPosMatrix" : [

        ]
      }
    ],
    "pointsOfInterest" : {
      "markingCenterOfMass" : [

      ],
      "closestSkinPoint" : [

      ],
      "lesionCenterOfMass" : [

      ]
    },
    "clinicalTrialData" : {
      "matchedMarkingCenters" : [

      ],
      "resultPosMatrix" : [

      ]
    }
  },
  "elapsedTime" : 0.99574899673461914,
  "selected" : {
    "marker" : "http:\/\/dev.skia.site\/ardata\/v2_387\/1532\/0_HEAD.default.obj",
    "stepLabel" : "RegisterHeadFeatures(Pose: standing)\n([mars_core.FeatureName.noseTip, mars_core.FeatureName.leftEyeCenter, mars_core.FeatureName.rightEyeCenter])"
  },
  "additionalInfo" : {
    "cameraProjection" : [
      1.6639961004257202,
      0,
      0,
      0,
      0,
      2.2186613082885742,
      0,
      0,
      0.014141440391540527,
      -0.0033637285232543945,
      -1.0100502967834473,
      -1,
      0,
      0,
      -0.20100502669811249,
      0
    ],
    "medicalInfo" : "http:\/\/dev.skia.site\/v2\/Mars\/MedicalInfo\/387",
    "marsCoreVersion" : "1.1.1",
    "scanningCubeSizeInMeter" : {
      "x" : 0.40000000596046448,
      "y" : 0.40000000596046448,
      "z" : 0.40000000596046448
    },
    "featurePosInScene" : {
      "NoseTip" : {
        "x" : 0.19649496674537659,
        "y" : -0.21100407838821411,
        "z" : -0.17917287349700928
      },
      "RightEyeCenter" : {
        "x" : 0.15980088710784912,
        "y" : -0.18347741663455963,
        "z" : -0.19919759035110474
      },
      "LeftEyeCenter" : {
        "x" : 0.22711741924285889,
        "y" : -0.18313845992088318,
        "z" : -0.20579284429550171
      }
    },
    "cameraPose" : [
      0.9970245361328125,
      0.064778156578540802,
      0.041786488145589828,
      0,
      -0.032426025718450546,
      0.84421193599700928,
      -0.53502774238586426,
      0,
      -0.069934777915477753,
      0.53208088874816895,
      0.84380054473876953,
      0,
      0.16277614235877991,
      0.009916180744767189,
      0.22780466079711914,
      1
    ],
    "glViewport" : [
      1.7354530096054077,
      0,
      0,
      0,
      0,
      -2.3139374256134033,
      0,
      0,
      -0.06640625,
      0.029166698455810547,
      1.0100502967834473,
      1,
      0,
      0,
      -0.20100502669811249,
      0
    ],
    "patientPosePresetByML" : "none"
  },
  "parameters" : {
    "icp" : {
      "tolerence" : 0.004999999888241291,
      "rejectionScale" : 2.5,
      "iterations" : 100,
      "numLevels" : 8
    }
  }
}